		100	125	150	175	200	225	250	275	
Data	78.72	79.78	79.23	79.23	79.23	79.23	79.23	79.23	
Quantidade	19.51	18.60	19.05	19.05	19.05	19.05	19.05	19.05	
Documento	66.07	66.07	65.45	64.29	64.29	33.33	64.29	63.64	
Organizacao	65.37	65.18	65.18	46.50	64.37	63.24	63.24	63.24	
Papel	64.08	62.94	47.37	64.08	64.08	64.08	64.08	64.08	
Local	70.09	70.34	66.67	70.59	70.59	70.59	70.59	70.59	
Grupo	26.00	24.53	25.93	28.07	27.12	27.12	27.12	27.12	
Evento	44.83	44.07	45.22	44.35	44.35	44.35	44.35	44.35	
Pessoa	77.41	78.11	77.07	76.98	76.98	76.98	76.98	76.98	
