		cutoff_0	cutoff_1	cutoff_2	cutoff_3	cutoff_4	cutoff_5	cutoff_6	cutoff_7	cutoff_8	cutoff_9	
Data	72.28	72.28	65.76	66.30	66.85	64.13	63.59	64.67	66.30	
Quantidade	5.80	5.80	7.25	10.14	11.59	11.59	11.59	8.70	8.70	
Documento	50.00	50.00	42.22	45.56	42.22	38.89	37.78	37.78	33.33	
Organizacao	54.70	54.70	48.32	41.95	41.28	38.93	35.91	33.56	33.56	
Papel	64.77	64.77	53.98	46.59	39.77	34.66	30.68	26.70	26.14	
Local	66.67	66.67	51.79	51.19	49.40	47.62	47.02	45.24	44.05	
Grupo	31.25	31.25	26.88	22.50	15.63	13.75	13.75	14.37	13.13	
Evento	46.20	46.20	38.61	36.08	32.28	31.01	31.01	29.75	29.11	
Pessoa	75.00	75.00	69.59	63.18	63.51	60.81	62.50	59.80	59.80	
