		100	125	150	175	200	225	250	275	
Data	80.43	79.35	78.80	78.80	78.80	78.80	78.80	78.80	
Quantidade	11.59	11.59	11.59	11.59	11.59	11.59	11.59	11.59	
Documento	41.11	41.11	40.00	40.00	40.00	14.44	40.00	38.89	
Organizacao	56.38	54.03	54.03	55.70	53.36	53.69	53.69	53.69	
Papel	51.70	51.14	40.91	51.70	51.70	51.70	51.70	51.70	
Local	48.81	49.40	40.48	50.00	50.00	50.00	50.00	50.00	
Grupo	8.13	8.13	8.75	10.00	10.00	10.00	10.00	10.00	
Evento	32.91	32.91	32.91	32.28	32.28	32.28	32.28	32.28	
Pessoa	70.61	69.93	69.26	68.92	68.92	68.92	68.92	68.92	
