		cutoff_0	cutoff_1	cutoff_2	cutoff_3	cutoff_4	cutoff_5	cutoff_6	cutoff_7	cutoff_8	cutoff_9	
Data	54.51	54.51	51.27	53.28	54.91	51.53	52.23	54.34	54.95	
Quantidade	11.11	11.11	8.20	9.46	9.64	10.13	9.76	7.79	7.59	
Documento	55.56	55.56	31.67	28.08	23.46	21.34	20.12	19.65	17.96	
Organizacao	40.75	40.75	38.81	33.88	33.33	30.45	28.31	26.95	26.95	
Papel	58.76	58.76	36.26	27.61	22.44	18.32	15.79	13.17	12.92	
Local	33.43	33.43	16.89	15.75	15.43	14.98	14.99	14.90	14.18	
Grupo	26.32	26.32	12.57	8.91	5.73	4.24	3.94	4.02	3.58	
Evento	33.18	33.18	19.30	15.92	13.75	12.44	11.98	11.22	10.65	
Pessoa	57.07	57.07	45.58	39.96	39.33	37.89	37.99	36.12	35.83	
